      0/29     1.86G   0.06361   0.01168   0.03621    0.1115        29       608    0.1557    0.1774   0.07891   0.02333    0.1017   0.01194    0.0415
      1/29     2.24G   0.05175  0.009397   0.02567   0.08682        17       608    0.1392    0.1891   0.07348   0.02598    0.1006   0.01318   0.05501
      2/29     2.24G   0.05196   0.01004   0.02526   0.08725        20       608    0.3324    0.1277    0.1074   0.04465   0.09011   0.01455   0.04025
      3/29     2.24G   0.04972   0.01073   0.02363   0.08408        21       608    0.1838    0.1512    0.1026   0.04008   0.08612   0.01547   0.04976
      4/29     2.24G   0.04644   0.01123   0.02392   0.08159        23       608    0.1282    0.1621   0.07522   0.03407   0.09772   0.01496   0.04891
      5/29     2.24G   0.04741   0.01103   0.02273   0.08117        19       608    0.1924    0.2411    0.1461   0.06532   0.09319   0.01356   0.04054
      6/29     2.24G    0.0432   0.01081   0.02045   0.07446        22       608    0.2949     0.215     0.167   0.07391    0.0944   0.01364    0.0404
      7/29     2.24G   0.03944   0.01057   0.01752   0.06753        26       608    0.4073    0.3356    0.2995    0.1559   0.08617   0.01376   0.03764
      8/29     2.24G   0.03802   0.01039   0.01612   0.06452        38       608    0.4029    0.3499    0.2958    0.1534   0.08826   0.01272   0.04971
      9/29     2.24G   0.03708   0.01074   0.01635   0.06418        25       608    0.3329    0.4618    0.3449    0.1888   0.08637   0.01289   0.04145
     10/29     2.24G   0.03794   0.01036   0.01693   0.06523        30       608     0.548    0.4519    0.4751     0.256   0.08105   0.01291    0.0392
     11/29     2.24G   0.03776   0.01015   0.01587   0.06378        22       608    0.4126    0.5252    0.4175    0.2165   0.07865   0.01333   0.03806
     12/29     2.24G   0.03795   0.01023   0.01637   0.06455        28       608    0.5507    0.4648    0.4919    0.2674    0.0698   0.01524     0.036
     13/29     2.24G   0.03914  0.009991   0.01479   0.06392        29       608     0.433    0.4892    0.4499     0.239   0.07224   0.01456   0.03091
     14/29     2.24G   0.03749  0.009878   0.01377   0.06113        20       608    0.5538    0.5035    0.5068    0.2943   0.06958   0.01447   0.03126
     15/29     2.24G   0.03731  0.009843   0.01447   0.06163        30       608    0.5696    0.5119    0.5322    0.3082    0.0626   0.01572   0.03092
     16/29     2.24G   0.03655  0.009648   0.01272   0.05892        18       608    0.5649    0.5715    0.5656     0.334   0.06159   0.01581   0.03033
     17/29     2.24G   0.03656  0.009593   0.01302   0.05918        24       608    0.5569    0.5318    0.5578    0.3267   0.06515   0.01477   0.03105
     18/29     2.24G    0.0364  0.009559   0.01258   0.05854        24       608    0.5495    0.6508    0.5946    0.3543    0.0601   0.01599   0.02991
     19/29     2.24G   0.03606    0.0093   0.01093   0.05629        24       608    0.6181     0.575    0.6167    0.3776   0.06171   0.01568   0.02936
     20/29     2.24G   0.03474  0.009177   0.01101   0.05493        22       608    0.6049    0.5762    0.5975    0.3582   0.05941   0.01593   0.02733
     21/29     2.24G   0.03479   0.00923   0.01142   0.05544        15       608    0.6432    0.5552    0.6251    0.3747   0.06036   0.01558   0.02769
     22/29     2.24G   0.03514  0.009258   0.01085   0.05525        19       608    0.5932    0.6369    0.6324    0.4006   0.05712   0.01652   0.02797
     23/29     2.24G   0.03438  0.009127   0.01073   0.05423        18       608    0.6215    0.6759    0.6352    0.3909    0.0572   0.01589   0.02778
     24/29     2.24G   0.03179  0.009081  0.009424    0.0503        26       608    0.6711    0.6164    0.6461    0.4022   0.05614   0.01591   0.02706
     25/29     2.24G   0.03313  0.009118  0.009249    0.0515        25       608    0.6057    0.6773    0.6757     0.421    0.0546   0.01634    0.0271
     26/29     2.24G   0.03316  0.009046  0.009167   0.05137        20       608    0.6708    0.6459    0.6664    0.4172   0.05381   0.01612   0.02702
     27/29     2.24G   0.03217  0.009034  0.008812   0.05001        18       608    0.6557     0.668    0.6818    0.4383   0.05397   0.01613   0.02685
     28/29     2.24G   0.03291  0.008946  0.008888   0.05074        21       608    0.7058    0.6433    0.6888    0.4382   0.05297   0.01626   0.02626
     29/29     2.24G   0.03234  0.009026  0.008791   0.05016        22       608    0.6888     0.648    0.6845    0.4389   0.05286    0.0163   0.02635
